0	1	0
0.0625	1	1e-07
0.125	1	2.26053e-18
0.25	1	-2.30554e-18
0.5	1	1e-07
1	1	-1e-07
2	1	-1e-07
4	1	1e-07
5	1	-1e-07
5.00781	1.00001	1.16151e-07
5.0083	1.00001	2.64756e-07
5.00879	1.00001	4.13362e-07
5.00928	1.00002	2.94112e-07
5.00978	1.00002	4.09085e-07
5.01008	1.00002	2.4878e-07
5.01038	1.00002	1.88478e-07
5.01062	1.00002	1.18646e-07
5.01086	1.00002	1.27091e-07
5.01134	1.00002	1.29293e-07
5.01229	1.00002	1.69684e-07
5.01259	1.00002	3.51193e-07
5.01286	1.00002	3.68323e-07
5.01313	1.00003	3.70061e-07
5.01367	1.00003	4.86496e-07
5.014	1.00003	4.98491e-07
5.01423	1.00003	2.54835e-07
5.01443	1.00003	1.96572e-07
5.01463	1.00003	1.34959e-07
5.01503	1.00003	1.9443e-07
5.01583	1.00003	1.94377e-07
5.01623	1.00003	3.14443e-07
5.01657	1.00003	4.06899e-07
5.01687	1.00003	4.40781e-07
5.01717	1.00004	4.45582e-07
5.01778	1.00004	4.59667e-07
5.01821	1.00004	4.079e-07
5.0186	1.00004	3.76107e-07
5.01899	1.00004	3.38391e-07
5.01976	1.00004	3.92117e-07
5.02132	1.00005	4.17919e-07
5.02443	1.00006	4.6978e-07
5.02754	1.00006	5.21641e-07
5.03376	1.00008	6.30509e-07
5.035	1.00009	7.36425e-07
5.03609	1.00009	7.71492e-07
5.03828	1.0001	8.29704e-07
5.03964	1.00011	8.68585e-07
5.04055	1.00011	8.73981e-07
5.04146	1.00011	8.79377e-07
5.04217	1.00012	8.59101e-07
5.04358	1.00012	8.90024e-07
5.0464	1.00013	9.42728e-07
5.05205	1.00014	1.04857e-06
5.05769	1.00016	1.15441e-06
5.06334	1.00018	1.26001e-06
5.07463	1.00021	1.46987e-06
5.08209	1.00023	1.6131e-06
5.08954	1.00026	1.76136e-06
5.09548	1.00028	1.91566e-06
5.10083	1.0003	2.01602e-06
5.10618	1.00031	2.11884e-06
5.11153	1.00033	2.23592e-06
5.12222	1.00037	2.45744e-06
5.13291	1.0004	2.67651e-06
5.1543	1.00047	3.11681e-06
5.16444	1.00051	3.31464e-06
5.17138	1.00053	3.431e-06
5.17833	1.00055	3.54117e-06
5.18528	1.00057	3.67622e-06
5.19153	1.00059	3.79447e-06
5.1947	1.0006	3.8694e-06
5.19756	1.00061	3.92729e-06
5.20327	1.00062	4.04135e-06
5.20899	1.00064	4.1559e-06
5.2147	1.00066	4.27004e-06
5.22613	1.0007	4.49749e-06
5.23756	1.00074	4.72451e-06
5.24899	1.00078	4.95047e-06
5.25928	1.00081	5.17855e-06
5.27008	1.00085	5.40377e-06
5.28089	1.00089	5.62545e-06
5.2917	1.00093	5.85142e-06
5.30214	1.00096	6.0582e-06
5.31259	1.001	6.25661e-06
5.32304	1.00103	6.43904e-06
5.33218	1.00106	6.6341e-06
5.35045	1.00112	6.98317e-06
5.36071	1.00116	7.19623e-06
5.37097	1.00119	7.42137e-06
5.38123	1.00123	7.60379e-06
5.39149	1.00126	7.81253e-06
5.41201	1.00134	8.22359e-06
5.43253	1.00141	8.63036e-06
5.45305	1.00148	9.03447e-06
5.46749	1.00153	9.32432e-06
5.48193	1.00158	9.62367e-06
5.49636	1.00164	9.93271e-06
5.50935	1.00168	1.01846e-05
5.52235	1.00173	1.04346e-05
5.53534	1.00178	1.07036e-05
5.54833	1.00183	1.09758e-05
5.56132	1.00187	1.12338e-05
5.58006	1.00194	1.15996e-05
5.5988	1.00201	1.19784e-05
5.61445	1.00207	1.22943e-05
5.62854	1.00212	1.25889e-05
5.64263	1.00218	1.2881e-05
5.65672	1.00223	1.31627e-05
5.67081	1.00228	1.34432e-05
5.6849	1.00233	1.37229e-05
5.69759	1.00238	1.39607e-05
5.71027	1.00242	1.41981e-05
5.72295	1.00247	1.44464e-05
5.73563	1.00252	1.46969e-05
5.74831	1.00256	1.49363e-05
5.75065	1.00257	1.49992e-05
5.75533	1.00259	1.50917e-05
5.76001	1.00261	1.51887e-05
5.76468	1.00263	1.52838e-05
5.77404	1.00267	1.54779e-05
5.78246	1.0027	1.56514e-05
5.79088	1.00273	1.58248e-05
5.7993	1.00276	1.59975e-05
5.81614	1.00283	1.63416e-05
5.82683	1.00287	1.65486e-05
5.83752	1.00291	1.67395e-05
5.8482	1.00295	1.69559e-05
5.85889	1.00299	1.71743e-05
5.88026	1.00307	1.75773e-05
5.89158	1.00312	1.78005e-05
5.89946	1.00315	1.79802e-05
5.90734	1.00318	1.81785e-05
5.91522	1.00321	1.83053e-05
5.9231	1.00325	1.8468e-05
5.93098	1.00328	1.86323e-05
5.94674	1.00334	1.89579e-05
5.9625	1.00341	1.92835e-05
5.97344	1.00345	1.94932e-05
5.98439	1.00349	1.96859e-05
5.99533	1.00353	1.99132e-05
6.00627	1.00358	2.01448e-05
6.01722	1.00362	2.03523e-05
6.03088	1.00367	2.06102e-05
6.04045	1.00371	2.08044e-05
6.05001	1.00375	2.10164e-05
6.05958	1.00379	2.11986e-05
6.06914	1.00383	2.1372e-05
6.0787	1.00387	2.15699e-05
6.09592	1.00394	2.19225e-05
6.11313	1.00401	2.22668e-05
6.13035	1.00408	2.26039e-05
6.16478	1.00422	2.32863e-05
6.18318	1.00429	2.36575e-05
6.20158	1.00437	2.40347e-05
6.21997	1.00445	2.44237e-05
6.23528	1.00451	2.47185e-05
6.2659	1.00464	2.53346e-05
6.29652	1.00477	2.59485e-05
6.35775	1.00503	2.71597e-05
6.38971	1.00516	2.7786e-05
6.39532	1.00519	2.79086e-05
6.40652	1.00523	2.81346e-05
6.41773	1.00528	2.83349e-05
6.44015	1.00538	2.88158e-05
6.48499	1.00558	2.97168e-05
6.52983	1.00577	3.06088e-05
6.55643	1.00589	3.11489e-05
6.58038	1.00599	3.16297e-05
6.60432	1.0061	3.21031e-05
6.62827	1.0062	3.2583e-05
6.67616	1.00642	3.35283e-05
6.70238	1.00653	3.40575e-05
6.72599	1.00664	3.45273e-05
6.7496	1.00675	3.49881e-05
6.79681	1.00696	3.59231e-05
6.8213	1.00707	3.6406e-05
6.83803	1.00714	3.67481e-05
6.85476	1.00722	3.7095e-05
6.86969	1.00729	3.73908e-05
6.88463	1.00736	3.7688e-05
6.9145	1.0075	3.82911e-05
6.94437	1.00764	3.88915e-05
6.97424	1.00777	3.94739e-05
7.00103	1.0079	4.00261e-05
7.02783	1.00803	4.05645e-05
7.05462	1.00815	4.10956e-05
7.10821	1.0084	4.21579e-05
7.13813	1.00855	4.27611e-05
7.16506	1.00868	4.32974e-05
7.19199	1.0088	4.38248e-05
7.24585	1.00906	4.48893e-05
7.25136	1.00909	4.50102e-05
7.26237	1.00914	4.52324e-05
7.27338	1.0092	4.54285e-05
7.29539	1.0093	4.59033e-05
7.33943	1.00952	4.67914e-05
7.38347	1.00974	4.76717e-05
7.41038	1.00987	4.8215e-05
7.43729	1.01	4.87702e-05
7.4642	1.01014	4.93051e-05
7.48842	1.01026	4.97864e-05
7.51264	1.01038	5.02691e-05
7.53901	1.01051	5.0795e-05
7.56538	1.01064	5.13237e-05
7.59175	1.01078	5.18692e-05
7.61462	1.01089	5.2312e-05
7.66036	1.01112	5.32188e-05
7.68841	1.01126	5.37766e-05
7.71646	1.01141	5.43412e-05
7.74451	1.01155	5.49026e-05
7.77256	1.01169	5.54556e-05
7.80061	1.01184	5.6006e-05
7.82144	1.01195	5.64229e-05
7.84227	1.01205	5.6843e-05
7.85964	1.01215	5.72081e-05
7.87446	1.01222	5.75052e-05
7.90411	1.01238	5.81049e-05
7.93375	1.01254	5.87025e-05
7.99303	1.01285	5.98822e-05
8.04639	1.01313	6.09346e-05
8.09975	1.01341	6.19762e-05
8.12339	1.01353	6.24616e-05
8.14467	1.01365	6.28911e-05
8.16595	1.01376	6.331e-05
8.18723	1.01388	6.3744e-05
8.22979	1.01411	6.45918e-05
8.25735	1.01426	6.51426e-05
8.28492	1.01441	6.56993e-05
8.31248	1.01456	6.62615e-05
8.34004	1.01471	6.68083e-05
8.37451	1.0149	6.74847e-05
8.39798	1.01503	6.79552e-05
8.42145	1.01516	6.84296e-05
8.44493	1.01529	6.89038e-05
8.46605	1.0154	6.9317e-05
8.5083	1.01564	7.01537e-05
8.53845	1.01581	7.07504e-05
8.56859	1.01597	7.13494e-05
8.59873	1.01614	7.19664e-05
8.62586	1.0163	7.24952e-05
8.65299	1.01645	7.30201e-05
8.68012	1.0166	7.35655e-05
8.70414	1.01674	7.4064e-05
8.72507	1.01686	7.44891e-05
8.74212	1.01696	7.48311e-05
8.77621	1.01715	7.55189e-05
8.8103	1.01735	7.62038e-05
8.83844	1.01751	7.67765e-05
8.86309	1.01766	7.72767e-05
8.88774	1.0178	7.77716e-05
8.91239	1.01794	7.82678e-05
8.96169	1.01823	7.92522e-05
9.01099	1.01852	8.0228e-05
9.06029	1.0188	8.11947e-05
9.10958	1.01909	8.21542e-05
9.13171	1.01922	8.26262e-05
9.15163	1.01934	8.30311e-05
9.16955	1.01945	8.33924e-05
9.20539	1.01966	8.41169e-05
9.24124	1.01988	8.48402e-05
9.31293	1.02031	8.62656e-05
9.37295	1.02067	8.74545e-05
9.41053	1.0209	8.82099e-05
9.44435	1.0211	8.88822e-05
9.47479	1.02129	8.94826e-05
9.50128	1.02145	9.00119e-05
9.52513	1.0216	9.04945e-05
9.54906	1.02174	9.09739e-05
9.57299	1.02189	9.14464e-05
9.60669	1.0221	9.21157e-05
9.62637	1.02222	9.25164e-05
9.64605	1.02234	9.29246e-05
9.66475	1.02246	9.32982e-05
9.68346	1.02258	9.36736e-05
9.72086	1.02281	9.4431e-05
9.75827	1.02305	9.51799e-05
9.79568	1.02328	9.59243e-05
9.83308	1.02352	9.6664e-05
9.86442	1.02371	9.72802e-05
9.88761	1.02386	9.77502e-05
9.90848	1.02399	9.81734e-05
9.92934	1.02413	9.85951e-05
9.94311	1.02421	9.88575e-05
9.95688	1.0243	9.91122e-05
9.96482	1.02435	9.92706e-05
9.96999	1.02438	9.93811e-05
9.97517	1.02442	9.95198e-05
9.97982	1.02445	9.9625e-05
9.98293	1.02447	9.96956e-05
9.98505	1.02448	9.97323e-05
9.98717	1.0245	9.9769e-05
9.98893	1.02451	9.97894e-05
9.99244	1.02453	9.98589e-05
9.99546	1.02455	9.99339e-05
9.99788	1.02457	9.99836e-05
9.99909	1.02457	0.000100003
9.99992	1.02458	0.000100118
10.0005	1.02458	9.99574e-05
10.001	1.02458	9.99509e-05
10.0019	1.02459	9.99615e-05
10.0038	1.0246	9.99787e-05
10.0076	1.02461	0.000100011
10.0114	1.02463	0.000100043
10.0133	1.02464	0.000100051
10.014	1.02464	9.9967e-05
10.0146	1.02464	9.99599e-05
10.0157	1.02465	9.99574e-05
10.017	1.02465	9.99508e-05
10.0177	1.02465	9.99678e-05
10.0181	1.02465	0.000100005
10.0185	1.02465	0.000100085
10.0194	1.02466	0.000100045
10.0202	1.02466	0.00010005
10.022	1.02467	0.000100068
10.0226	1.02467	9.9979e-05
10.0231	1.02467	9.99719e-05
10.0237	1.02467	9.99724e-05
10.0247	1.02468	9.99666e-05
10.0269	1.02468	9.99541e-05
10.0313	1.02469	9.99391e-05
10.0326	1.0247	9.99797e-05
10.0338	1.0247	9.99832e-05
10.0363	1.02471	9.99849e-05
10.0412	1.02473	0.000100002
10.0448	1.02474	0.000100024
10.0477	1.02475	0.000100036
10.0493	1.02476	0.000100016
10.0507	1.02476	0.000100015
10.0536	1.02477	0.000100017
10.0593	1.02479	0.000100019
10.065	1.02481	0.000100022
10.0708	1.02483	0.000100024
10.078	1.02485	0.000100027
10.0827	1.02486	0.000100003
10.087	1.02488	9.99984e-05
10.0913	1.02489	9.99948e-05
10.0956	1.0249	9.99897e-05
10.0998	1.02491	9.99825e-05
10.1084	1.02494	9.99708e-05
10.1135	1.02495	9.99766e-05
10.1187	1.02497	0.000100011
10.1239	1.02499	9.99964e-05
10.129	1.025	9.99926e-05
10.1342	1.02502	9.9995e-05
10.1393	1.02504	0.0001
10.1497	1.02507	0.000100009
10.16	1.0251	0.000100018
10.1673	1.02513	0.000100014
10.1745	1.02515	0.000100001
10.1811	1.02517	9.99788e-05
10.1876	1.02518	9.99775e-05
10.1935	1.0252	9.99716e-05
10.1964	1.02521	9.99867e-05
10.199	1.02522	9.99897e-05
10.2041	1.02524	9.99939e-05
10.2093	1.02525	9.99987e-05
10.2145	1.02527	0.000100004
10.2248	1.0253	0.000100004
10.234	1.02533	0.000100001
10.2431	1.02536	9.99874e-05
10.2513	1.02538	0.000100002
10.2595	1.02541	9.99936e-05
10.2677	1.02543	0.000100011
10.2841	1.02548	0.000100003
10.3005	1.02553	9.99984e-05
10.3188	1.02558	9.9996e-05
10.337	1.02564	9.99977e-05
10.3735	1.02575	9.99947e-05
10.4063	1.02585	9.99983e-05
10.4392	1.02594	0.000100005
10.472	1.02604	0.000100015
10.4881	1.02609	0.000100001
10.5042	1.02613	9.99755e-05
10.5168	1.02617	9.99781e-05
10.5294	1.0262	9.99732e-05
10.5377	1.02623	9.99793e-05
10.546	1.02625	9.9995e-05
10.5542	1.02628	9.99923e-05
10.5625	1.0263	9.99947e-05
10.5708	1.02633	0.000100003
10.5801	1.02635	0.000100006
10.5894	1.02638	9.99944e-05
10.5975	1.0264	9.99817e-05
10.6056	1.02643	9.99853e-05
10.6137	1.02645	9.99835e-05
10.6218	1.02647	9.99766e-05
10.633	1.0265	9.99759e-05
10.6443	1.02653	9.99814e-05
10.6555	1.02657	9.99914e-05
10.6668	1.0266	9.99824e-05
10.6781	1.02663	9.99849e-05
10.7006	1.0267	9.99939e-05
10.7251	1.02677	0.000100002
10.7417	1.02681	0.0001
10.7584	1.02686	9.99852e-05
10.7751	1.02691	9.99835e-05
10.7918	1.02695	9.99922e-05
10.8085	1.027	9.9994e-05
10.8251	1.02705	9.99871e-05
10.8585	1.02714	9.99887e-05
10.8919	1.02723	9.99918e-05
10.9252	1.02733	9.99932e-05
10.9586	1.02742	9.99996e-05
10.9919	1.02751	0.000100007
11.0253	1.0276	0.000100017
11.0491	1.02767	0.000100012
11.073	1.02773	0.000100002
11.0944	1.02779	0.000100005
11.133	1.02789	9.9996e-05
11.1716	1.028	9.99918e-05
11.2102	1.0281	9.99948e-05
11.2489	1.0282	9.99962e-05
11.2875	1.02831	0.000100002
11.3261	1.02841	0.000100011
11.3494	1.02847	0.0001
11.3727	1.02853	9.99832e-05
11.3959	1.02859	9.99796e-05
11.4192	1.02865	9.9979e-05
11.4464	1.02872	9.99753e-05
11.4736	1.0288	9.99804e-05
11.5008	1.02887	9.99881e-05
11.528	1.02894	9.99847e-05
11.5824	1.02908	9.99987e-05
11.6368	1.02923	0.000100014
11.6646	1.0293	0.000100001
11.6896	1.02936	9.99957e-05
11.7121	1.02942	9.99936e-05
11.7571	1.02953	9.99875e-05
11.8022	1.02965	9.99819e-05
11.8472	1.02976	9.99834e-05
11.8922	1.02987	9.99809e-05
11.9822	1.0301	9.99919e-05
12.0337	1.03023	9.99851e-05
12.0851	1.03036	9.99588e-05
12.1315	1.03048	9.99773e-05
12.1778	1.03059	9.99771e-05
12.2241	1.03071	9.99774e-05
12.3168	1.03094	9.99882e-05
12.3749	1.03108	9.99938e-05
12.433	1.03122	9.99853e-05
12.4734	1.03132	9.99829e-05
12.5139	1.03142	9.99946e-05
12.5543	1.03152	9.99761e-05
12.5948	1.03161	9.99872e-05
12.6757	1.03181	9.99928e-05
12.7319	1.03195	9.99984e-05
12.788	1.03208	9.99897e-05
12.8248	1.03217	9.99855e-05
12.8615	1.03225	9.99863e-05
12.9349	1.03243	9.99826e-05
13.0084	1.0326	9.99863e-05
13.0819	1.03278	9.99941e-05
13.1553	1.03295	0.000100006
13.2302	1.03313	0.000100022
13.2812	1.03325	0.000100024
13.3322	1.03337	0.000100011
13.3633	1.03344	0.000100004
13.3944	1.03351	0.000100004
13.4566	1.03365	9.99933e-05
13.5188	1.0338	9.99862e-05
13.5811	1.03394	9.99892e-05
13.6433	1.03408	9.99858e-05
13.7055	1.03422	9.99816e-05
13.7677	1.03436	9.99755e-05
13.8237	1.03449	9.99705e-05
13.8797	1.03462	9.99668e-05
13.9357	1.03474	9.99769e-05
14.004	1.0349	9.99774e-05
14.0723	1.03505	9.99783e-05
14.1406	1.0352	9.99705e-05
14.2001	1.03534	9.99773e-05
14.2595	1.03547	9.99901e-05
14.319	1.0356	9.99821e-05
14.3784	1.03573	0.000100001
14.4379	1.03586	9.99839e-05
14.4973	1.036	9.99958e-05
14.5568	1.03613	0.000100001
14.6756	1.03639	0.000100015
14.7323	1.03651	0.000100017
14.789	1.03664	0.000100015
14.84	1.03675	0.000100003
14.8825	1.03684	0.000100001
14.9674	1.03702	9.99978e-05
15.0524	1.0372	9.99983e-05
15.1373	1.03738	9.99883e-05
15.2052	1.03753	9.99873e-05
15.2731	1.03767	9.99806e-05
15.341	1.03782	9.99878e-05
15.409	1.03796	9.99845e-05
15.4769	1.03811	9.99948e-05
15.5337	1.03823	9.99798e-05
15.5906	1.03834	9.99781e-05
15.6474	1.03846	9.99754e-05
15.7043	1.03858	9.99776e-05
15.818	1.03882	9.99835e-05
15.9317	1.03906	9.99956e-05
16.0454	1.0393	0.000100014
16.1591	1.03954	0.000100036
16.1757	1.03957	0.00010003
16.2091	1.03964	0.000100028
16.2424	1.03971	0.000100049
16.2758	1.03978	0.000100006
16.3091	1.03985	0.000100023
16.3758	1.03998	0.000100019
16.5092	1.04025	0.000100021
16.5883	1.04041	0.000100013
16.6595	1.04056	0.000100007
16.7235	1.04069	0.000100006
16.7876	1.04082	0.000100003
16.8517	1.04095	0.000100004
16.9155	1.04107	0.0001
16.9794	1.0412	9.9992e-05
17.0433	1.04133	9.9982e-05
17.1008	1.04144	9.99849e-05
17.2157	1.04167	9.99824e-05
17.3307	1.0419	9.99851e-05
17.4282	1.04209	9.99748e-05
17.5256	1.04228	9.99751e-05
17.623	1.04247	9.99813e-05
17.7205	1.04267	9.99899e-05
17.8179	1.04286	0.0001
17.9153	1.04305	0.000100014
17.9806	1.04318	0.000100021
18.023	1.04326	0.000100015
18.0654	1.04334	0.000100003
18.1036	1.04342	0.000100002
18.1417	1.04349	0.000100001
18.1799	1.04356	9.99924e-05
18.2563	1.04371	9.99881e-05
18.3326	1.04386	9.99844e-05
18.409	1.044	9.99828e-05
18.4853	1.04415	9.9983e-05
18.638	1.04444	9.99866e-05
18.7907	1.04473	9.99823e-05
18.8874	1.04492	9.99889e-05
18.9842	1.0451	9.99986e-05
19.0809	1.04528	0.000100002
19.1776	1.04547	0.000100014
19.2559	1.04562	0.000100023
19.3131	1.04572	0.000100019
19.3646	1.04582	0.000100012
19.4162	1.04591	0.000100005
19.4677	1.04601	0.000100004
19.5707	1.0462	9.9998e-05
19.6737	1.04639	9.99946e-05
19.7768	1.04659	9.99958e-05
19.8798	1.04678	9.99989e-05
19.9912	1.04698	9.9999e-05
20.0914	1.04717	9.99968e-05
20.1916	1.04735	9.99989e-05
20.2919	1.04754	0.000100008
20.3921	1.04772	0.000100013
20.4924	1.0479	0.000100018
20.5926	1.04809	0.000100027
20.6499	1.04819	0.000100017
20.7015	1.04828	0.00010001
20.7479	1.04837	0.000100005
20.8408	1.04853	9.99964e-05
20.9336	1.0487	9.9989e-05
21.0265	1.04887	9.99857e-05
21.1193	1.04903	9.99818e-05
21.305	1.04937	9.99836e-05
21.4907	1.0497	9.99854e-05
21.6765	1.05004	0.000100008
21.8622	1.05037	0.000100028
21.8877	1.05041	0.000100028
21.9389	1.0505	0.000100019
21.9774	1.05057	0.000100013
22.016	1.05064	0.000100024
22.0545	1.05071	0.000100007
22.093	1.05077	9.99948e-05
22.1316	1.05084	0.000100002
22.2087	1.05098	9.99939e-05
22.2857	1.05111	9.9988e-05
22.3628	1.05125	9.99868e-05
22.517	1.05151	9.9984e-05
22.6711	1.05178	9.99862e-05
22.8253	1.05205	9.99918e-05
22.9795	1.05232	0.000100002
23.1336	1.05259	0.000100015
23.2345	1.05277	0.000100013
23.3354	1.05294	9.99933e-05
23.4362	1.05311	9.99838e-05
23.5249	1.05327	9.99905e-05
23.6047	1.0534	9.9986e-05
23.7642	1.05367	9.9982e-05
23.9238	1.05395	9.99838e-05
24.0834	1.05422	9.99862e-05
24.243	1.05449	9.99992e-05
24.4026	1.05477	0.000100002
24.5175	1.05496	0.000100011
24.6324	1.05516	0.0001
24.7033	1.05527	9.99983e-05
24.7741	1.05539	9.99974e-05
24.9159	1.05563	9.99915e-05
25.0577	1.05587	9.99901e-05
25.1994	1.05611	9.99926e-05
25.3412	1.05635	9.99969e-05
25.483	1.05658	0.000100004
25.6247	1.05682	0.000100013
25.7465	1.05703	0.000100023
25.835	1.05717	0.000100022
25.9145	1.05731	0.000100015
25.9941	1.05744	0.000100003
26.0658	1.05756	0.000100007
26.1374	1.05767	0.000100005
26.209	1.05779	0.000100001
26.3523	1.05803	9.99988e-05
26.4955	1.05826	9.99989e-05
26.6388	1.0585	0.000100001
26.782	1.05874	0.000100006
27.0686	1.05921	0.000100022
27.1809	1.05939	0.000100013
27.282	1.05956	0.000100004
27.3831	1.05972	9.99936e-05
27.4843	1.05988	9.99897e-05
27.5854	1.06005	9.99855e-05
27.6865	1.06021	9.99813e-05
27.7876	1.06037	9.99788e-05
27.9899	1.0607	9.9977e-05
28.1921	1.06103	9.99794e-05
28.3943	1.06136	9.99858e-05
28.5345	1.06158	9.99785e-05
28.6384	1.06175	9.99756e-05
28.7423	1.06192	9.99754e-05
28.95	1.06225	9.99729e-05
29.137	1.06255	9.99755e-05
29.324	1.06285	9.99814e-05
29.511	1.06315	9.99896e-05
29.698	1.06345	0.0001
29.7915	1.0636	0.000100002
29.885	1.06375	0.0001
29.9785	1.0639	0.00010001
29.9838	1.0639	0.000100004
29.9902	1.06391	9.9973e-05
29.9966	1.06391	9.98886e-05
30.0016	1.06392	9.98643e-05
30.0066	1.06392	9.98319e-05
30.0116	1.06392	9.97861e-05
30.0141	1.06392	9.97688e-05
30.0157	1.06392	9.97469e-05
30.0172	1.06392	9.97249e-05
30.0188	1.06392	9.97064e-05
30.0192	1.06392	9.9495e-05
30.0195	1.06392	9.94689e-05
30.0199	1.06391	9.94655e-05
30.0205	1.06391	9.94398e-05
30.0209	1.06391	9.95864e-05
30.0211	1.06391	9.96296e-05
30.0214	1.06391	9.96708e-05
30.0219	1.06391	9.96177e-05
30.023	1.06391	9.9612e-05
30.0238	1.06391	9.95035e-05
30.0243	1.06391	9.9574e-05
30.0249	1.06391	9.95436e-05
30.0252	1.06391	9.94632e-05
30.026	1.06391	9.94533e-05
30.0276	1.0639	9.9413e-05
30.0283	1.0639	9.94558e-05
30.029	1.0639	9.94898e-05
30.0296	1.0639	9.94952e-05
30.0308	1.0639	9.94778e-05
30.0314	1.0639	9.93724e-05
30.0319	1.0639	9.93772e-05
30.0322	1.0639	9.93494e-05
30.0326	1.0639	9.93258e-05
30.0334	1.06389	9.93229e-05
30.0348	1.06389	9.92847e-05
30.0378	1.06388	9.92049e-05
30.0387	1.06388	9.91819e-05
30.0392	1.06388	9.9257e-05
30.0396	1.06388	9.92765e-05
30.04	1.06388	9.92948e-05
30.0409	1.06388	9.92643e-05
30.0426	1.06388	9.92426e-05
30.0431	1.06388	9.91285e-05
30.0436	1.06388	9.91109e-05
30.0441	1.06388	9.91024e-05
30.0451	1.06387	9.90772e-05
30.0471	1.06387	9.90277e-05
30.0488	1.06386	9.89846e-05
30.05	1.06386	9.89642e-05
30.0506	1.06386	9.89717e-05
30.0513	1.06386	9.90082e-05
30.0527	1.06386	9.89564e-05
30.0554	1.06385	9.89118e-05
30.0609	1.06384	9.88167e-05
30.0641	1.06384	9.87618e-05
30.0659	1.06384	9.87022e-05
30.0675	1.06383	9.86629e-05
30.0691	1.06383	9.86243e-05
30.0724	1.06382	9.856e-05
30.0756	1.06382	9.84916e-05
30.0788	1.06381	9.84227e-05
30.0852	1.0638	9.82858e-05
30.0916	1.06378	9.8149e-05
30.0961	1.06378	9.80858e-05
30.1002	1.06377	9.80274e-05
30.1068	1.06376	9.79051e-05
30.1092	1.06376	9.78522e-05
30.1116	1.06375	9.77968e-05
30.1134	1.06375	9.77468e-05
30.1172	1.06374	9.76697e-05
30.1209	1.06373	9.75911e-05
30.1246	1.06373	9.75126e-05
30.1321	1.06371	9.73563e-05
30.1386	1.0637	9.72253e-05
30.1452	1.06369	9.71003e-05
30.1508	1.06368	9.70091e-05
30.1565	1.06367	9.68997e-05
30.1622	1.06366	9.6793e-05
30.1678	1.06365	9.66882e-05
30.171	1.06364	9.66104e-05
30.1743	1.06363	9.65339e-05
30.1775	1.06363	9.647e-05
30.1839	1.06361	9.63404e-05
30.1904	1.0636	9.62081e-05
30.1968	1.06359	9.60753e-05
30.2097	1.06356	9.58121e-05
30.2226	1.06353	9.55493e-05
30.2355	1.06351	9.52884e-05
30.2613	1.06346	9.47692e-05
30.2871	1.0634	9.42545e-05
30.3129	1.06335	9.37441e-05
30.3387	1.0633	9.32378e-05
30.3652	1.06324	9.27207e-05
30.3832	1.0632	9.2352e-05
30.4013	1.06316	9.19537e-05
30.4175	1.06313	9.1664e-05
30.4337	1.06309	9.13369e-05
30.4499	1.06305	9.10113e-05
30.4661	1.06302	9.06929e-05
30.4823	1.06298	9.03751e-05
30.4955	1.06295	9.00996e-05
30.5073	1.06292	8.98523e-05
30.5192	1.06289	8.96049e-05
30.531	1.06287	8.93698e-05
30.5429	1.06284	8.91263e-05
30.5535	1.06281	8.89226e-05
30.5631	1.06279	8.87402e-05
30.5726	1.06277	8.85544e-05
30.5822	1.06275	8.83693e-05
30.6013	1.06271	8.80062e-05
30.611	1.06268	8.78031e-05
30.6206	1.06266	8.75872e-05
30.6303	1.06264	8.74064e-05
30.6399	1.06261	8.7215e-05
30.6593	1.06256	8.68171e-05
30.6979	1.06247	8.60376e-05
30.7365	1.06237	8.52661e-05
30.7752	1.06228	8.45111e-05
30.8138	1.06218	8.37659e-05
30.8314	1.06214	8.33982e-05
30.849	1.06209	8.30229e-05
30.8666	1.06204	8.26803e-05
30.8825	1.062	8.23609e-05
30.9142	1.06192	8.17231e-05
30.9458	1.06183	8.10904e-05
30.9775	1.06175	8.04606e-05
31.0092	1.06166	7.98377e-05
31.033	1.0616	7.93594e-05
31.0539	1.06154	7.89346e-05
31.0747	1.06148	7.85181e-05
31.0956	1.06143	7.81067e-05
31.1165	1.06137	7.76958e-05
31.1373	1.06131	7.72656e-05
31.1519	1.06127	7.69682e-05
31.1664	1.06122	7.66815e-05
31.1955	1.06114	7.60946e-05
31.2245	1.06106	7.55135e-05
31.2536	1.06098	7.49398e-05
31.2827	1.06089	7.43675e-05
31.3057	1.06083	7.39162e-05
31.3227	1.06077	7.3564e-05
31.3372	1.06073	7.32695e-05
31.3502	1.06069	7.30091e-05
31.3632	1.06065	7.27456e-05
31.3892	1.06057	7.22224e-05
31.4412	1.06042	7.11836e-05
31.4932	1.06026	7.01571e-05
31.5167	1.06019	6.96787e-05
31.5401	1.06011	6.91916e-05
31.5635	1.06004	6.87093e-05
31.5824	1.05998	6.83367e-05
31.6202	1.05986	6.75744e-05
31.658	1.05974	6.68164e-05
31.6958	1.05962	6.60563e-05
31.7298	1.05951	6.53747e-05
31.7638	1.0594	6.47013e-05
31.7944	1.0593	6.40926e-05
31.825	1.0592	6.3492e-05
31.8556	1.0591	6.28893e-05
31.8611	1.05908	6.27741e-05
31.872	1.05904	6.25559e-05
31.8829	1.05901	6.23586e-05
31.9047	1.05893	6.18985e-05
31.9484	1.05879	6.10282e-05
31.992	1.05864	6.01651e-05
32.0357	1.05849	5.93091e-05
32.0596	1.05841	5.88174e-05
32.0812	1.05834	5.83856e-05
32.1005	1.05827	5.80001e-05
32.1393	1.05813	5.72293e-05
32.1781	1.058	5.64619e-05
32.2168	1.05786	5.56852e-05
32.2373	1.05779	5.52665e-05
32.2557	1.05772	5.48864e-05
32.2722	1.05766	5.45544e-05
32.3053	1.05754	5.38805e-05
32.3384	1.05742	5.32096e-05
32.3715	1.0573	5.25508e-05
32.4046	1.05718	5.18866e-05
32.4708	1.05694	5.05808e-05
32.537	1.0567	4.9274e-05
32.5731	1.05657	4.85706e-05
32.6091	1.05643	4.78332e-05
32.6292	1.05635	4.74303e-05
32.6492	1.05628	4.70354e-05
32.6894	1.05612	4.62285e-05
32.7295	1.05597	4.54272e-05
32.7515	1.05589	4.49866e-05
32.7734	1.0558	4.4523e-05
32.7954	1.05571	4.40832e-05
32.8173	1.05563	4.36517e-05
32.8393	1.05554	4.32095e-05
32.8612	1.05545	4.27629e-05
32.9051	1.05528	4.18906e-05
32.9328	1.05517	4.13323e-05
32.9604	1.05506	4.07696e-05
32.988	1.05495	4.02252e-05
33.0156	1.05484	3.96781e-05
33.0708	1.05462	3.85858e-05
33.0982	1.05451	3.80391e-05
33.1255	1.0544	3.74879e-05
33.1449	1.05432	3.70916e-05
33.1644	1.05424	3.67069e-05
33.2032	1.05408	3.59274e-05
33.2421	1.05392	3.51537e-05
33.281	1.05376	3.43798e-05
33.3159	1.05362	3.36827e-05
33.3509	1.05347	3.298e-05
33.3823	1.05334	3.23695e-05
33.4136	1.05321	3.17488e-05
33.4449	1.05308	3.11466e-05
33.4631	1.053	3.07586e-05
33.4813	1.05293	3.038e-05
33.4977	1.05285	3.00518e-05
33.514	1.05278	2.97235e-05
33.5304	1.05271	2.93844e-05
33.5631	1.05257	2.87263e-05
33.5959	1.05243	2.80689e-05
33.6613	1.05215	2.67636e-05
33.7203	1.05189	2.55998e-05
33.7792	1.05164	2.44467e-05
33.8043	1.05153	2.39376e-05
33.8295	1.05142	2.34186e-05
33.8468	1.05134	2.30676e-05
33.8642	1.05126	2.27208e-05
33.8989	1.0511	2.20161e-05
33.9336	1.05095	2.13156e-05
33.9719	1.05078	2.05517e-05
34.0102	1.0506	1.9785e-05
34.0419	1.05046	1.91381e-05
34.0704	1.05033	1.85692e-05
34.1275	1.05007	1.74346e-05
34.162	1.04991	1.67455e-05
34.1965	1.04975	1.60521e-05
34.2303	1.0496	1.53822e-05
34.2641	1.04944	1.4715e-05
34.3041	1.04926	1.39248e-05
34.3277	1.04915	1.34539e-05
34.3512	1.04904	1.29778e-05
34.3748	1.04892	1.24857e-05
34.3939	1.04883	1.21159e-05
34.4323	1.04865	1.13491e-05
34.4706	1.04847	1.05852e-05
34.5073	1.0483	9.85305e-06
34.5441	1.04812	9.11812e-06
34.5809	1.04795	8.37418e-06
34.6132	1.04779	7.74477e-06
34.6778	1.04748	6.4672e-06
34.7057	1.04735	5.89734e-06
34.7308	1.04722	5.39188e-06
34.7533	1.04711	4.93996e-06
34.7985	1.04689	4.03565e-06
34.8437	1.04667	3.13475e-06
34.8888	1.04645	2.24658e-06
34.934	1.04623	1.35344e-06
34.9619	1.04609	7.89238e-07
34.9813	1.04599	3.92992e-07
34.9915	1.04594	1.92109e-07
34.9967	1.04592	8.71546e-08
34.9977	1.04591	-3.31242e-08
34.9997	1.0459	-7.25626e-08
35.0019	1.04589	-4.89175e-08
35.0038	1.04588	-8.01096e-08
35.0043	1.04588	1.32944e-07
35.0046	1.04588	1.57717e-07
35.005	1.04588	1.45946e-07
35.0053	1.04588	1.43505e-07
35.0055	1.04588	-3.38351e-08
35.0057	1.04588	-5.2119e-08
35.0059	1.04588	-4.3366e-08
35.0063	1.04588	-4.68698e-08
35.007	1.04587	-1.57805e-07
35.0074	1.04587	-1.66159e-07
35.0077	1.04587	4.20561e-08
35.0079	1.04587	1.0581e-07
35.0082	1.04587	1.77838e-07
35.0086	1.04587	1.18574e-07
35.0096	1.04587	1.27432e-07
35.0102	1.04587	3.5902e-08
35.0106	1.04587	2.61607e-08
35.0114	1.04587	3.16096e-08
35.0132	1.04586	2.44008e-08
35.0153	1.04586	9.82757e-09
35.0174	1.04585	-1.16749e-08
35.0196	1.04584	-2.76171e-08
35.0239	1.04583	-5.46386e-08
35.0249	1.04583	-4.29222e-08
35.0254	1.04583	5.34599e-08
35.0258	1.04583	6.22897e-08
35.0262	1.04583	6.29187e-08
35.027	1.04583	7.14553e-08
35.0287	1.04583	6.73068e-08
35.0292	1.04583	-2.49529e-08
35.0297	1.04583	-3.22778e-08
35.0302	1.04583	-3.16327e-08
35.0312	1.04582	-1.37056e-07
35.0318	1.04582	-1.41569e-07
35.0323	1.04582	2.52673e-08
35.0327	1.04582	6.76243e-08
35.033	1.04582	1.15506e-07
35.0338	1.04582	8.35621e-08
35.0354	1.04582	1.00595e-07
35.0362	1.04582	3.53077e-08
35.0368	1.04582	-3.1329e-09
35.0374	1.04582	-1.87928e-08
35.0385	1.04581	-1.88252e-08
35.0408	1.04581	-3.48257e-08
35.0422	1.0458	-4.41906e-08
35.0432	1.0458	-3.11553e-08
35.0442	1.0458	-1.81201e-08
35.0449	1.0458	1.36602e-08
35.0465	1.0458	1.33348e-08
35.0495	1.04579	2.06221e-08
35.0511	1.04579	5.50508e-09
35.0528	1.04579	-9.61201e-09
35.0544	1.04578	-2.35502e-08
35.0577	1.04577	-1.88101e-08
35.061	1.04577	-2.53491e-08
35.0641	1.04576	-3.16943e-08
35.0663	1.04576	-1.72795e-08
35.0682	1.04575	-8.94849e-09
35.0701	1.04575	2.74682e-11
35.074	1.04575	-1.47172e-09
35.0779	1.04574	2.90042e-09
35.0817	1.04573	7.79603e-09
35.0894	1.04572	1.66608e-08
35.0942	1.04571	4.53941e-09
35.0989	1.0457	-3.18647e-08
35.1036	1.0457	-1.98266e-08
35.1083	1.04569	-1.75406e-08
35.113	1.04568	-2.15115e-08
35.1178	1.04567	-3.21284e-08
35.1202	1.04567	-1.93997e-08
35.1227	1.04566	-3.09155e-09
35.1277	1.04565	-5.98766e-09
35.1326	1.04565	-9.48018e-10
35.1376	1.04564	4.36857e-09
35.1475	1.04562	3.9876e-09
35.1555	1.04561	-3.53937e-09
35.1634	1.04559	-1.70107e-08
35.1714	1.04558	-5.90629e-09
35.1793	1.04557	-3.7674e-09
35.1873	1.04555	-1.53643e-08
35.1966	1.04554	-1.6925e-08
35.206	1.04552	-1.46962e-08
35.2138	1.04551	5.60172e-09
35.2209	1.0455	4.33946e-09
35.2279	1.04549	8.35598e-09
35.242	1.04547	1.71565e-08
35.2519	1.04545	1.38977e-08
35.2617	1.04544	2.06618e-09
35.2716	1.04542	-1.93984e-08
35.2804	1.0454	-1.00597e-08
35.2982	1.04537	-2.50618e-08
35.3081	1.04536	-1.62467e-08
35.3181	1.04534	4.84421e-09
35.3281	1.04533	-1.71035e-08
35.3381	1.04531	-1.12179e-08
35.3581	1.04528	-6.315e-09
35.3781	1.04525	-4.22549e-09
35.418	1.04519	-3.63943e-09
35.4536	1.04514	-7.11319e-09
35.4891	1.04508	-1.43495e-08
35.5247	1.04503	-2.47004e-08
35.5554	1.04498	-6.06359e-09
35.5862	1.04494	9.71301e-11
35.611	1.04491	-2.16905e-09
35.6357	1.04487	-2.87403e-09
35.6605	1.04484	7.76498e-09
35.688	1.0448	9.36934e-09
35.7156	1.04476	3.3462e-09
35.7431	1.04472	2.58387e-09
35.7707	1.04468	2.3157e-09
35.7982	1.04464	-4.27861e-09
35.819	1.04462	9.16443e-09
35.8364	1.04459	1.66407e-08
35.8538	1.04457	1.51374e-08
35.8713	1.04455	2.54522e-08
35.8925	1.04452	3.23592e-08
35.9095	1.0445	1.85005e-08
35.9237	1.04448	1.14348e-08
35.9365	1.04446	8.51087e-09
35.962	1.04442	-5.4078e-09
35.9876	1.04439	-2.19183e-08
36.0047	1.04437	-1.15551e-08
36.0201	1.04435	-1.14263e-08
36.0355	1.04433	-1.8973e-08
36.0663	1.04429	-1.28075e-08
36.0859	1.04426	-8.58052e-09
36.1056	1.04424	3.3461e-09
36.1252	1.04421	2.00199e-08
36.1448	1.04419	2.85816e-08
36.1645	1.04417	3.46114e-08
36.1841	1.04414	4.25256e-08
36.2038	1.04412	2.88846e-08
36.2234	1.04409	4.25355e-08
36.243	1.04407	3.99018e-08
36.2823	1.04402	3.6269e-08
36.3216	1.04397	3.25277e-08
36.3608	1.04392	2.54699e-08
36.4001	1.04388	2.15716e-08
36.4288	1.04384	2.92057e-08
36.4574	1.04381	1.67958e-08
36.4861	1.04377	3.27221e-08
36.5434	1.04371	1.78369e-08
36.6007	1.04364	8.92391e-09
36.6581	1.04357	-1.10702e-08
36.6941	1.04353	-1.89855e-08
36.716	1.0435	-1.11027e-08
36.7379	1.04348	6.13599e-09
36.7576	1.04346	6.31257e-09
36.7773	1.04343	5.73441e-09
36.797	1.04341	2.12455e-08
36.8364	1.04337	2.66929e-08
36.8758	1.04333	3.39221e-08
36.9091	1.04329	1.56595e-08
36.9423	1.04325	-3.48936e-11
36.9755	1.04321	-3.2075e-09
37.0088	1.04318	-1.1889e-08
37.0311	1.04315	-1.36935e-08
37.0534	1.04313	-7.43395e-09
37.0758	1.04311	2.1202e-08
37.0959	1.04309	1.02241e-08
37.1131	1.04307	1.47441e-08
37.1304	1.04305	1.95274e-08
37.1477	1.04303	2.36428e-08
37.1822	1.043	3.07247e-08
37.2063	1.04297	2.62167e-08
37.2304	1.04295	1.52139e-08
37.2546	1.04292	1.55841e-08
37.2787	1.04289	1.04207e-08
37.3269	1.04284	-3.59138e-09
37.3752	1.04279	-1.88608e-08
37.4176	1.04275	-9.85204e-09
37.46	1.04271	-1.21116e-10
37.4971	1.04267	-1.46865e-08
37.5342	1.04263	-2.13274e-08
37.5714	1.04259	-1.08677e-08
37.6048	1.04256	5.88706e-09
37.6349	1.04253	8.40036e-09
37.665	1.0425	9.49587e-09
37.695	1.04248	1.4149e-08
37.7251	1.04245	1.9301e-08
37.7853	1.04239	2.00711e-08
37.8454	1.04233	1.70079e-08
37.9056	1.04227	1.7563e-08
37.9658	1.04222	8.87564e-09
38.0265	1.04216	2.54155e-09
38.0687	1.04212	9.93471e-09
38.1007	1.04209	2.07447e-08
38.1326	1.04206	2.04734e-08
38.1645	1.04203	2.21896e-08
38.2284	1.04198	2.85532e-08
38.2859	1.04192	2.90195e-08
38.3434	1.04187	2.69005e-08
38.4009	1.04182	2.34598e-08
38.4584	1.04177	1.75804e-08
38.5734	1.04167	-1.22848e-09
38.6884	1.04156	-2.81086e-08
38.7033	1.04155	-2.47522e-08
38.733	1.04152	-2.27042e-08
38.7628	1.0415	-2.72338e-08
38.7925	1.04147	-2.03097e-08
38.852	1.04142	-1.95608e-08
38.8843	1.0414	-7.32096e-09
38.9133	1.04138	2.41668e-09
38.9423	1.04135	9.28362e-09
38.9713	1.04133	1.87431e-08
39.0294	1.04129	3.12779e-08
39.0623	1.04126	2.31816e-08
39.0919	1.04123	1.82978e-08
39.1215	1.04121	1.80772e-08
39.1808	1.04116	1.00452e-09
39.2139	1.04113	4.20912e-09
39.247	1.04111	1.48371e-08
39.2801	1.04108	1.34809e-08
39.3132	1.04105	1.27418e-08
39.3795	1.041	1.67021e-08
39.4457	1.04095	1.69951e-08
39.5119	1.0409	1.4799e-08
39.5781	1.04085	1.01919e-08
39.632	1.04081	2.64424e-08
39.6859	1.04077	2.86504e-08
39.7398	1.04073	2.88121e-08
39.8477	1.04065	2.5957e-08
39.9555	1.04057	1.67028e-08
40.0633	1.04049	1.63566e-09
40.1711	1.04041	-1.8745e-08
40.187	1.04039	-2.1831e-08
40.2116	1.04038	-1.89024e-08
40.2363	1.04036	-8.00959e-10
40.2609	1.04034	-1.20506e-08
40.2855	1.04032	-1.14085e-08
40.3102	1.04031	-5.71632e-09
40.3348	1.04029	-4.95416e-09
40.3841	1.04026	-2.38435e-09
40.4334	1.04022	-1.97877e-10
40.4827	1.04019	1.41784e-10
40.5813	1.04012	-2.17246e-09
40.6798	1.04005	-9.55152e-09
40.7784	1.03999	-2.0611e-08
40.877	1.03992	-3.60278e-08
40.9292	1.03989	-1.6345e-08
40.9762	1.03986	-9.01166e-09
41.0185	1.03983	-4.59127e-09
41.1031	1.03978	3.98434e-09
41.1877	1.03972	1.01731e-08
41.2724	1.03967	1.07446e-08
41.357	1.03962	1.10409e-08
41.5262	1.03951	-6.71982e-10
41.5491	1.0395	3.35399e-09
41.5949	1.03947	5.4779e-09
41.6407	1.03944	-6.62483e-09
41.6865	1.03941	1.98487e-08
41.778	1.03936	9.20471e-09
41.8696	1.0393	6.02283e-09
41.9612	1.03925	8.83566e-09
42.0189	1.03922	2.57892e-08
42.0766	1.03919	2.57607e-08
42.1919	1.03912	3.06074e-08
42.3073	1.03905	2.97832e-08
42.4227	1.03899	2.01637e-08
42.538	1.03892	1.15771e-08
42.6534	1.03886	2.23472e-08
42.7227	1.03882	2.06894e-08
42.792	1.03879	1.81994e-08
42.9306	1.03871	1.35459e-08
43.0554	1.03864	2.91726e-09
43.1801	1.03858	-1.272e-08
43.2419	1.03855	-6.11179e-09
43.2975	1.03852	1.36813e-10
43.3531	1.03849	5.6704e-09
43.4087	1.03846	8.1424e-09
43.5199	1.03841	1.24407e-08
43.6311	1.03835	1.31002e-08
43.7423	1.0383	9.28106e-09
43.8535	1.03824	2.41951e-09
43.9329	1.03821	7.66932e-09
44.0002	1.03818	1.77337e-08
44.0676	1.03814	2.12587e-08
44.1349	1.03811	2.03877e-08
44.2022	1.03808	1.968e-08
44.2695	1.03805	2.06136e-08
44.3369	1.03802	1.9255e-08
44.4042	1.03799	1.48145e-08
44.5388	1.03792	9.13583e-09
44.6223	1.03789	1.47755e-08
44.6915	1.03786	2.42839e-08
44.7606	1.03783	2.63345e-08
44.8297	1.0378	2.56105e-08
44.968	1.03774	2.68232e-08
45.0884	1.03769	2.2282e-08
45.2089	1.03763	1.45558e-08
45.3293	1.03758	8.41749e-09
45.4307	1.03754	1.49492e-08
45.5219	1.0375	1.00559e-08
45.6131	1.03746	4.72771e-09
45.7043	1.03743	-3.61005e-09
45.8241	1.03738	-1.66245e-08
45.887	1.03735	-1.63901e-08
45.95	1.03733	-1.13029e-08
46.013	1.0373	1.28329e-08
46.0634	1.03728	5.55166e-09
46.1644	1.03725	1.40567e-08
46.2653	1.03721	2.05203e-08
46.3663	1.03717	2.34493e-08
46.4672	1.03713	2.56799e-08
46.6691	1.03706	2.16937e-08
46.871	1.03698	1.38057e-08
47.0729	1.03691	-9.26631e-09
47.2089	1.03686	-2.16677e-08
47.3046	1.03682	-6.99779e-09
47.3636	1.0368	-2.08383e-10
47.4227	1.03678	1.69116e-10
47.5407	1.03675	1.09582e-08
47.6587	1.03671	1.81065e-08
47.7768	1.03667	1.62844e-08
47.8948	1.03663	2.00703e-08
48.0128	1.03659	1.58224e-08
48.1309	1.03655	1.46765e-08
48.2489	1.03651	-2.61489e-10
48.3568	1.03647	-4.97494e-09
48.4393	1.03645	3.39594e-10
48.511	1.03643	4.64468e-09
48.5827	1.0364	6.61101e-09
48.6543	1.03638	8.71527e-09
48.7977	1.03634	1.00207e-08
48.9411	1.03629	7.95554e-09
49.0844	1.03625	2.80712e-09
49.2278	1.03621	-5.09929e-09
49.5145	1.03612	-2.88231e-08
49.5415	1.03611	-3.05599e-08
49.5955	1.03609	-2.33425e-08
49.6393	1.03608	-2.00777e-08
49.683	1.03607	-1.65047e-08
49.7268	1.03606	-1.25449e-08
49.8142	1.03603	-7.10045e-09
49.9017	1.03601	-2.34953e-09
50.0767	1.03596	3.14429e-09
50.2516	1.03591	4.14581e-09
50.4266	1.03587	1.21774e-09
50.6015	1.03582	-5.35294e-09
50.7765	1.03577	-5.38126e-09
50.9314	1.03573	8.9159e-09
51.0415	1.03571	1.40264e-08
51.1517	1.03568	9.2295e-09
51.2618	1.03565	2.46647e-08
51.4821	1.0356	2.27548e-08
51.7024	1.03554	2.00164e-08
51.9226	1.03549	9.05438e-09
52.1429	1.03544	1.33753e-08
52.2756	1.03541	2.8819e-08
52.4082	1.03538	2.0084e-08
52.5409	1.03535	2.07907e-08
52.6736	1.03532	2.19739e-08
52.8062	1.03529	1.39337e-08
52.9389	1.03526	2.65061e-09
53.0716	1.03523	1.10904e-09
53.2042	1.0352	5.62301e-09
53.3172	1.03517	1.09443e-08
53.4189	1.03515	9.14749e-09
53.5206	1.03513	6.99663e-09
53.6223	1.03511	8.22887e-09
53.8256	1.03506	1.9946e-09
54.029	1.03502	-7.07751e-09
54.2323	1.03498	-1.92858e-08
54.3477	1.03496	-1.32979e-08
54.4516	1.03494	-1.08451e-08
54.5555	1.03491	-1.15421e-08
54.7632	1.03487	-1.06998e-08
54.9501	1.03484	-1.42678e-08
55.1371	1.0348	-2.09056e-08
55.324	1.03476	-2.96056e-08
55.4339	1.03474	-2.88797e-08
55.5438	1.03472	-2.41388e-08
55.6427	1.03471	-1.00877e-08
55.728	1.03469	-4.96394e-09
55.8986	1.03466	4.65075e-09
56.0692	1.03463	1.1749e-08
56.2398	1.03461	1.5641e-08
56.4104	1.03458	1.83127e-08
56.581	1.03455	1.83275e-08
56.7517	1.03452	1.6928e-08
57.0929	1.03446	6.91057e-09
57.4341	1.0344	-7.83141e-09
57.7754	1.03434	-3.13324e-08
57.9904	1.03431	-2.48937e-08
58.1489	1.03429	-1.94297e-08
58.3074	1.03426	-2.49743e-08
58.4659	1.03424	-2.19689e-08
58.6244	1.03421	-2.37423e-08
58.7829	1.03419	-2.8604e-08
58.9414	1.03416	-3.42141e-08
59.0541	1.03415	-2.36887e-08
59.1667	1.03414	-8.38805e-09
59.2681	1.03412	-1.29972e-08
59.3695	1.03411	-1.14438e-08
59.4709	1.03409	-6.41814e-09
59.6736	1.03407	-2.97721e-09
59.8764	1.03404	-1.42646e-09
60.0792	1.03401	-1.79654e-09
60.2236	1.03399	5.2547e-09
60.3679	1.03397	1.65042e-08
60.4979	1.03396	1.20441e-08
60.6278	1.03394	1.53947e-08
60.7577	1.03392	1.45014e-08
61.0176	1.03389	1.48541e-08
61.2775	1.03386	1.12819e-08
61.4547	1.03384	1.68375e-08
61.6319	1.03382	2.86379e-08
61.8091	1.03379	2.78935e-08
61.9863	1.03377	2.19299e-08
62.1635	1.03375	2.04508e-08
62.3407	1.03373	2.05066e-08
62.518	1.03371	1.71242e-08
62.6952	1.03369	1.06507e-08
62.8724	1.03367	6.99236e-09
63.2268	1.03362	-8.2881e-09
63.5812	1.03358	-2.64401e-08
63.6288	1.03358	-2.46827e-08
63.7239	1.03357	-2.04287e-08
63.819	1.03356	-1.56335e-08
63.9142	1.03355	-1.38394e-08
64.1044	1.03353	-8.59153e-09
64.2947	1.03351	-5.44394e-09
64.4849	1.03349	-3.77153e-09
64.6752	1.03347	-3.48236e-09
64.8654	1.03345	-4.43154e-09
65.0557	1.03343	-6.76125e-09
65.4362	1.03339	-1.47592e-08
65.8167	1.03335	-2.67812e-08
66.0405	1.03333	-2.44261e-08
66.2644	1.03331	-7.01673e-09
66.433	1.0333	-2.3881e-09
66.6016	1.03328	-5.15282e-09
66.7702	1.03327	2.323e-09
66.9388	1.03325	1.57605e-08
67.1074	1.03324	1.67313e-08
67.276	1.03323	1.40513e-08
67.4447	1.03321	1.69062e-08
67.6133	1.0332	2.05431e-08
67.7819	1.03318	1.65174e-08
68.0649	1.03316	1.46426e-08
68.3479	1.03313	1.00902e-08
68.6309	1.03311	2.22217e-08
68.8754	1.03309	2.44086e-08
69.0954	1.03308	2.7688e-08
69.3155	1.03306	2.81576e-08
69.5355	1.03304	2.87427e-08
69.7555	1.03303	2.68995e-08
69.9756	1.03301	2.47289e-08
70.4156	1.03298	1.67997e-08
70.8557	1.03294	5.81202e-09
71.2379	1.03292	8.36446e-09
71.6201	1.03289	4.98215e-09
72.0024	1.03286	-1.13403e-08
72.3846	1.03283	-2.16735e-08
72.7668	1.0328	-3.08055e-08
72.9976	1.03279	-3.96183e-08
73.1523	1.03278	-3.29705e-08
73.307	1.03277	-1.83088e-08
73.4452	1.03276	-2.51067e-08
73.7216	1.03274	-1.9681e-08
73.9704	1.03273	-1.65305e-08
74.2191	1.03271	-1.49933e-08
74.4679	1.0327	-1.44451e-08
74.7167	1.03269	-1.50823e-08
75.2142	1.03266	-1.93887e-08
75.4648	1.03264	-1.50333e-08
75.7154	1.03263	-5.02999e-09
75.966	1.03262	4.21302e-09
76.2166	1.0326	4.22153e-09
76.4672	1.03259	6.66674e-09
76.7178	1.03258	9.79246e-09
76.9684	1.03256	1.08789e-08
77.4696	1.03254	1.05562e-08
77.8294	1.03252	1.28843e-08
78.1893	1.03251	2.20678e-08
78.5492	1.03249	2.40335e-08
78.909	1.03247	1.55077e-08
79.2689	1.03245	2.04672e-08
79.6288	1.03244	1.48583e-08
79.9886	1.03242	1.24847e-08
80.2386	1.03241	1.52763e-08
80.4886	1.0324	2.3521e-08
80.7386	1.03239	1.89774e-08
80.9886	1.03238	1.767e-08
81.2387	1.03237	1.80598e-08
81.7387	1.03235	1.49324e-08
82.2387	1.03232	9.14144e-09
82.5667	1.03231	9.48958e-09
82.8947	1.0323	1.53679e-08
83.2227	1.03229	1.84363e-08
83.5507	1.03227	1.48948e-08
83.8787	1.03226	1.06031e-08
84.2067	1.03225	9.21783e-09
84.5347	1.03224	7.06689e-09
84.8627	1.03222	2.46616e-09
85.1907	1.03221	-1.80333e-09
85.8467	1.03218	-1.25974e-08
86.5027	1.03216	-2.59578e-08
86.9028	1.03214	-3.49737e-08
87.179	1.03214	-3.30783e-08
87.4553	1.03213	-2.45305e-08
87.7315	1.03212	-1.53016e-08
87.9802	1.03211	-1.7561e-08
88.2288	1.0321	-1.45756e-08
88.4774	1.0321	-1.22239e-08
88.726	1.03209	-1.047e-08
89.2233	1.03207	-8.50894e-09
89.7205	1.03206	-8.49757e-09
90.4081	1.03204	-1.10918e-08
91.0957	1.03202	-1.60508e-08
91.7834	1.032	-2.3342e-08
92.2804	1.03199	-1.55667e-08
92.6479	1.03198	-1.26442e-08
93.0154	1.03197	-1.2245e-08
93.3828	1.03196	-1.09036e-08
93.7503	1.03195	-1.08607e-08
94.1178	1.03194	-1.01109e-08
94.4853	1.03193	-5.6457e-09
94.8528	1.03192	5.95669e-09
95.1835	1.03192	8.73714e-09
95.5142	1.03191	1.07909e-08
95.845	1.0319	1.48361e-08
96.1757	1.03189	1.75897e-08
96.5065	1.03189	1.88548e-08
97.1679	1.03187	2.06509e-08
97.8294	1.03186	2.13289e-08
98.4909	1.03184	1.80717e-08
99.1523	1.03183	8.98345e-09
99.7477	1.03182	1.74737e-10
100	1.03181	-4.98593e-09
